LncRNA ID	Logfold	URWScore	pvalue	FDR	Rank(Logfold)	Rank(URWScore)
ENSG00000258294	11.9233869523431	0.615425989268745	0	0	1	1
ENSG00000184324	8.20411223530748	0.606154632906366	0	0	88	2
ENSG00000259756	11.9233869523431	0.597015104321658	0	0	1	3
ENSG00000261319	11.9233869523431	0.593324312722612	0	0	1	4
ENSG00000229876	11.9233869523431	0.590463777749219	0	0	1	5
ENSG00000250735	11.9233869523431	0.577663659051891	0	0	1	6
ENSG00000250252	11.9233869523431	0.567272037813711	0	0	1	7
ENSG00000250708	11.9233869523431	0.564603831355988	0	0	1	8
ENSG00000248268	11.9233869523431	0.564269954702279	0	0	1	9
ENSG00000248370	11.9233869523431	0.562804034700106	0	0	1	10
ENSG00000223812	11.9233869523431	0.556142667445267	0	0	1	11
ENSG00000250920	11.9233869523431	0.553914404449489	0	0	1	12
ENSG00000251577	11.9233869523431	0.553914404449489	0	0	1	12
ENSG00000257114	11.9233869523431	0.54561861982923	0.00032520325203252	0.00909090909090909	1	14
ENSG00000236289	-11.640204417123	0.542755873691098	0.00032520325203252	0.00909090909090909	78	15
ENSG00000254519	11.9233869523431	0.542734828294556	0.00032520325203252	0.00909090909090909	1	16
ENSG00000197463	8.05177411573855	0.542361568219555	0.00032520325203252	0.00909090909090909	89	17
ENSG00000251185	11.9233869523431	0.541249601235553	0.00032520325203252	0.00909090909090909	1	18
ENSG00000255426	11.9233869523431	0.535984953601148	0.00032520325203252	0.00909090909090909	1	19
ENSG00000235523	11.9233869523431	0.534726023863218	0.00032520325203252	0.00909090909090909	1	20
ENSG00000230316	6.42180685905796	0.533408635634102	0.00032520325203252	0.00909090909090909	127	21
ENSG00000233085	5.77040387906624	0.532810445472466	0.00032520325203252	0.00909090909090909	153	22
ENSG00000253659	11.9233869523431	0.531564633107187	0.000650406504065041	0.0166666666666667	1	23
ENSG00000228952	5.45912179341295	0.528247287471113	0.000650406504065041	0.0166666666666667	168	24
ENSG00000259631	11.9233869523431	0.52726802966893	0.000975609756097561	0.0222222222222222	1	25
ENSG00000228295	11.9233869523431	0.526646553142618	0.000975609756097561	0.0222222222222222	1	26
ENSG00000215115	8.90083340180554	0.526407413391618	0.000975609756097561	0.0222222222222222	85	27
ENSG00000183242	11.9233869523431	0.523871125125957	0.0016260162601626	0.0294117647058824	1	28
ENSG00000246350	11.9233869523431	0.523607781516388	0.0016260162601626	0.0294117647058824	1	29
ENSG00000261807	11.9233869523431	0.521221508501326	0.0016260162601626	0.0294117647058824	1	30
ENSG00000231764	4.88911573172347	0.52092643037288	0.0016260162601626	0.0294117647058824	199	31
ENSG00000243321	11.9233869523431	0.516920515583135	0.0016260162601626	0.0294117647058824	1	32
ENSG00000263677	-11.640204417123	0.515686181649442	0.0016260162601626	0.0294117647058824	78	33
ENSG00000250564	11.9233869523431	0.514711239380802	0.0016260162601626	0.0294117647058824	1	34
ENSG00000228630	7.75701269613671	0.51419041231189	0.00195121951219512	0.0333333333333333	93	35
ENSG00000215113	9.33658678204883	0.514149435769368	0.00195121951219512	0.0333333333333333	84	36
ENSG00000235086	11.9233869523431	0.512229819894118	0.00260162601626016	0.04	1	37
ENSG00000225107	11.9233869523431	0.512101129751101	0.00260162601626016	0.04	1	38
ENSG00000233338	11.9233869523431	0.511993990485199	0.00260162601626016	0.04	1	39
ENSG00000259811	4.43314555293201	0.511793592018854	0.00260162601626016	0.04	239	40
ENSG00000233850	-6.00774005706559	0.509437507929367	0.00292682926829268	0.0418604651162791	143	41
ENSG00000256513	-11.640204417123	0.509185801820131	0.00292682926829268	0.0418604651162791	78	42
ENSG00000233532	6.30884973563266	0.503077483548707	0.00292682926829268	0.0418604651162791	130	43
ENSG00000233358	11.9233869523431	0.498816388906069	0.0032520325203252	0.0428571428571429	1	44
ENSG00000225226	11.9233869523431	0.496587697343069	0.0032520325203252	0.0428571428571429	1	45
ENSG00000259410	11.9233869523431	0.495422899184474	0.00357723577235772	0.0428571428571429	1	46
ENSG00000204460	6.55528390984676	0.4951899815922	0.00357723577235772	0.0428571428571429	121	47
ENSG00000263655	11.9233869523431	0.494120329031638	0.00357723577235772	0.0428571428571429	1	48
ENSG00000235578	11.9233869523431	0.493556848597177	0.00357723577235772	0.0428571428571429	1	49
ENSG00000205634	7.40756931321262	0.492502966422948	0.00357723577235772	0.0428571428571429	98	50
ENSG00000258763	11.9233869523431	0.492501251516618	0.00357723577235772	0.0428571428571429	1	51
ENSG00000266869	11.9233869523431	0.490917075074842	0.00390243902439024	0.0428571428571429	1	52
ENSG00000229618	6.56169286710293	0.490681911373831	0.00390243902439024	0.0428571428571429	119	53
ENSG00000244791	11.9233869523431	0.490310606615672	0.00390243902439024	0.0428571428571429	1	54
ENSG00000253661	6.85922196288168	0.488028337649073	0.00390243902439024	0.0428571428571429	112	55
ENSG00000249413	11.9233869523431	0.487414095916886	0.00390243902439024	0.0428571428571429	1	56
ENSG00000260115	11.9233869523431	0.487063097736246	0.00455284552845528	0.0466666666666667	1	57
ENSG00000258657	6.34759136033257	0.486178135089867	0.00455284552845528	0.0466666666666667	129	58
ENSG00000230838	6.98709126551692	0.485158291628126	0.00455284552845528	0.0466666666666667	103	59
ENSG00000243810	11.9233869523431	0.485129068400276	0.00455284552845528	0.0466666666666667	1	60
ENSG00000265579	3.94416913503045	0.483202016539271	0.0048780487804878	0.0476190476190476	287	61
ENSG00000250590	11.9233869523431	0.482796723928909	0.0048780487804878	0.0476190476190476	1	62
ENSG00000254417	5.87000382878433	0.480855496487901	0.0048780487804878	0.0476190476190476	150	63
ENSG00000229732	-5.38571421592753	0.478852451398087	0.00520325203252033	0.05	174	64
ENSG00000236212	11.9233869523431	0.478538297857503	0.00552845528455285	0.0523076923076923	1	65
ENSG00000258188	11.9233869523431	0.477242205582882	0.00585365853658537	0.0545454545454545	1	66
ENSG00000251151	7.7110631039092	0.476480424834594	0.00617886178861789	0.0558823529411765	94	67
ENSG00000244383	-4.53828266554604	0.476087598415687	0.00617886178861789	0.0558823529411765	227	68
ENSG00000240922	6.55638250848854	0.475778011946348	0.00650406504065041	0.0579710144927536	120	69
ENSG00000226053	11.9233869523431	0.474797377339451	0.00747967479674797	0.0657142857142857	1	70
ENSG00000226725	-6.9063980700141	0.473561582823085	0.00813008130081301	0.0674698795180723	111	71
ENSG00000233589	3.03234190588237	0.473130573294148	0.00813008130081301	0.0674698795180723	376	72
ENSG00000259974	-6.95286834442921	0.472759214291721	0.00845528455284553	0.0674698795180723	107	73
ENSG00000254282	-7.04679175398742	0.472085166168829	0.00845528455284553	0.0674698795180723	100	74
ENSG00000232325	11.9233869523431	0.471866742979403	0.00845528455284553	0.0674698795180723	1	75
ENSG00000231963	-7.04078867382391	0.470850781965907	0.00878048780487805	0.0674698795180723	101	76
ENSG00000266560	6.68065716734813	0.470550642445671	0.00910569105691057	0.0674698795180723	116	77
ENSG00000226070	-11.640204417123	0.470533093928432	0.00910569105691057	0.0674698795180723	78	78
ENSG00000226363	5.30231939847263	0.469447622345884	0.00910569105691057	0.0674698795180723	180	79
ENSG00000253394	11.9233869523431	0.468309252904142	0.00910569105691057	0.0674698795180723	1	80
ENSG00000236651	11.9233869523431	0.46785848140677	0.00910569105691057	0.0674698795180723	1	81
ENSG00000258240	11.9233869523431	0.467733682386378	0.00910569105691057	0.0674698795180723	1	82
ENSG00000253892	11.9233869523431	0.466509825042415	0.00910569105691057	0.0674698795180723	1	83
ENSG00000258331	5.97565051011692	0.466094313719662	0.00943089430894309	0.0690476190476191	146	84
ENSG00000110347	6.48804406073538	0.464254589434028	0.00975609756097561	0.0695652173913043	126	85
ENSG00000250777	11.9233869523431	0.464074708673865	0.0100813008130081	0.0695652173913043	1	86
ENSG00000253508	11.9233869523431	0.46402944720298	0.0100813008130081	0.0695652173913043	1	87
ENSG00000251361	11.9233869523431	0.463625305325347	0.0100813008130081	0.0695652173913043	1	88
ENSG00000231689	-4.33287900839778	0.463455705022691	0.0104065040650407	0.0695652173913043	248	89
ENSG00000248112	11.9233869523431	0.463048781402197	0.0104065040650407	0.0695652173913043	1	90
ENSG00000227400	11.9233869523431	0.462892509248474	0.0104065040650407	0.0695652173913043	1	91
ENSG00000233515	11.9233869523431	0.462609163959478	0.0104065040650407	0.0695652173913043	1	92
ENSG00000233078	-6.6118727797544	0.461648135844595	0.0107317073170732	0.0709677419354839	117	93
ENSG00000265069	5.25323378622715	0.461327972034849	0.0110569105691057	0.0723404255319149	181	94
ENSG00000265702	3.77180560173289	0.460727576350965	0.0113821138211382	0.0724137931034483	305	95
ENSG00000253554	11.9233869523431	0.460714539441396	0.0113821138211382	0.0724137931034483	1	96
ENSG00000255921	11.9233869523431	0.456628501927138	0.0123577235772358	0.0724137931034483	1	97
ENSG00000258927	11.9233869523431	0.456167852023116	0.0123577235772358	0.0724137931034483	1	98
ENSG00000230410	11.9233869523431	0.455636639885132	0.0123577235772358	0.0724137931034483	1	99
ENSG00000256321	11.9233869523431	0.455386055021246	0.0123577235772358	0.0724137931034483	1	100
ENSG00000242147	6.56291388828512	0.454164279824957	0.0126829268292683	0.0724137931034483	118	101
ENSG00000249001	11.9233869523431	0.454114991397646	0.0126829268292683	0.0724137931034483	1	102
ENSG00000259107	5.1786043681308	0.453371802845246	0.0126829268292683	0.0724137931034483	185	103
ENSG00000264660	6.07544782451417	0.453131197903642	0.0126829268292683	0.0724137931034483	140	104
ENSG00000236908	3.57587311234245	0.452899505271476	0.0130081300813008	0.0724137931034483	321	105
ENSG00000225062	2.48401566928876	0.452866067333803	0.0130081300813008	0.0724137931034483	434	106
ENSG00000254605	5.34576237035835	0.4523654035039	0.0136585365853659	0.0724137931034483	176	107
ENSG00000260922	4.4044649726229	0.451672332163105	0.0136585365853659	0.0724137931034483	242	108
ENSG00000228189	11.9233869523431	0.451548740948229	0.0136585365853659	0.0724137931034483	1	109
ENSG00000227964	11.9233869523431	0.450955332004795	0.0136585365853659	0.0724137931034483	1	110
ENSG00000234919	11.9233869523431	0.450281670166463	0.0136585365853659	0.0724137931034483	1	111
ENSG00000250697	6.07499260357368	0.449880552744735	0.0136585365853659	0.0724137931034483	141	112
ENSG00000237361	-4.63611508648278	0.449531299314655	0.0136585365853659	0.0724137931034483	220	113
ENSG00000229243	5.18608384850829	0.449320777649088	0.0136585365853659	0.0724137931034483	184	114
ENSG00000244040	-5.96331750847258	0.448533216594637	0.0136585365853659	0.0724137931034483	147	115
ENSG00000259672	9.73860466159045	0.448353087390018	0.0136585365853659	0.0724137931034483	83	116
ENSG00000224750	11.9233869523431	0.447889356434022	0.0143089430894309	0.075	1	117
ENSG00000237265	6.77868656154171	0.447365988846224	0.0146341463414634	0.075	115	118
ENSG00000236117	11.9233869523431	0.446943667674607	0.0146341463414634	0.075	1	119
ENSG00000260372	-3.90794105099785	0.44656829834174	0.0146341463414634	0.075	292	120
ENSG00000225548	11.9233869523431	0.445491269506386	0.015609756097561	0.0793388429752066	1	121
ENSG00000249641	6.94862538647516	0.444990825295315	0.016260162601626	0.0819672131147541	108	122
ENSG00000225087	6.2647325187493	0.444222290056927	0.0165853658536585	0.0829268292682927	131	123
ENSG00000230725	11.9233869523431	0.444008246041626	0.0169105691056911	0.0832	1	124
ENSG00000230061	4.28487765886905	0.443850982260825	0.0169105691056911	0.0832	250	125
ENSG00000225146	6.93190453455727	0.442965895867208	0.0172357723577236	0.0841269841269841	109	126
ENSG00000242781	11.9233869523431	0.442287745285607	0.0185365853658537	0.0885496183206107	1	127
ENSG00000257002	-4.72179297673745	0.441996363737497	0.0188617886178862	0.0885496183206107	217	128
ENSG00000234921	6.0903235075745	0.441575497522915	0.0188617886178862	0.0885496183206107	139	129
ENSG00000228437	9.91551194848726	0.441024273239482	0.0188617886178862	0.0885496183206107	82	130
ENSG00000235385	11.9233869523431	0.440365821974389	0.0188617886178862	0.0885496183206107	1	131
ENSG00000234948	11.9233869523431	0.439139263320404	0.0195121951219512	0.0895522388059701	1	132
ENSG00000204044	6.49508789029091	0.438922242375947	0.0195121951219512	0.0895522388059701	125	133
ENSG00000258670	6.55100252733131	0.437856386937007	0.0195121951219512	0.0895522388059701	122	134
ENSG00000265380	11.9233869523431	0.437579295784843	0.0198373983739837	0.0903703703703704	1	135
ENSG00000240661	11.9233869523431	0.436046924747348	0.0211382113821138	0.0948905109489051	1	136
ENSG00000253675	6.92159884934035	0.436029580380537	0.0211382113821138	0.0948905109489051	110	137
ENSG00000231453	3.68368017681429	0.435418892369445	0.0217886178861789	0.0964028776978417	315	138
ENSG00000253477	5.56254261964274	0.435297979146496	0.0217886178861789	0.0964028776978417	162	139
ENSG00000251281	6.18075474384969	0.434778581658865	0.0224390243902439	0.0978723404255319	136	140
ENSG00000232900	-4.48470797771121	0.43412707366228	0.0224390243902439	0.0978723404255319	235	141
ENSG00000233052	-4.07431370092551	0.43277157442488	0.0227642276422764	0.0985915492957747	270	142
ENSG00000233485	3.2788444810853	0.431146474225328	0.0234146341463415	0.0993103448275862	341	143
ENSG00000248554	3.94730087792898	0.431029542180407	0.0234146341463415	0.0993103448275862	284	144
ENSG00000265369	-5.84946111267322	0.431024286268721	0.0234146341463415	0.0993103448275862	152	145
ENSG00000224049	11.9233869523431	0.430309516154708	0.023739837398374	0.0993197278911565	1	146
ENSG00000232243	11.9233869523431	0.430128151786852	0.023739837398374	0.0993197278911565	1	147
ENSG00000250929	4.94872066199683	0.429073501715589	0.0240650406504065	0.0993288590604027	193	148
ENSG00000259760	6.9583508608048	0.428112762889407	0.0240650406504065	0.0993288590604027	106	149
ENSG00000259590	6.50640211018994	0.427904854738968	0.024390243902439	0.0993377483443709	124	150
ENSG00000227895	11.9233869523431	0.427827697032693	0.024390243902439	0.0993377483443709	1	151
ENSG00000236915	-5.34530534244899	0.426863887321135	0.0250406504065041	0.101315789473684	177	152
ENSG00000255983	2.51033990937656	0.425595155479566	0.0263414634146341	0.105194805194805	431	153
ENSG00000257636	7.49490684018421	0.425515086924183	0.0263414634146341	0.105194805194805	97	154
ENSG00000197085	4.50358937771996	0.425246631106039	0.0273170731707317	0.107692307692308	233	155
ENSG00000249035	3.27745028382217	0.42512916488125	0.0273170731707317	0.107692307692308	342	156
ENSG00000246876	5.4137465961372	0.424571670760954	0.0279674796747967	0.109554140127389	173	157
ENSG00000249082	-3.09786212321862	0.423185193394844	0.0299186991869919	0.116455696202532	367	158
ENSG00000248740	4.92815608298491	0.420105636781931	0.0338211382113821	0.130817610062893	194	159
ENSG00000223872	6.97072229499399	0.417454790511915	0.0357723577235772	0.1375	105	160
ENSG00000230115	-4.53400108052881	0.416688209546022	0.0377235772357724	0.144099378881988	228	161
ENSG00000235237	2.84665276421086	0.41579313730306	0.0383739837398374	0.145679012345679	392	162
ENSG00000241479	-6.82932313602715	0.415261250823886	0.0386991869918699	0.14601226993865	114	163
ENSG00000203446	4.56068981174633	0.414166143495334	0.0403252032520325	0.15030303030303	226	164
ENSG00000222032	11.9233869523431	0.414017844646159	0.0403252032520325	0.15030303030303	1	165
ENSG00000248329	4.77454621202254	0.413510131810771	0.0413008130081301	0.153012048192771	207	166
ENSG00000225882	11.9233869523431	0.413144480677581	0.0419512195121951	0.154491017964072	1	167
ENSG00000249550	6.19159848466206	0.411819530601251	0.0432520325203252	0.158333333333333	135	168
ENSG00000259201	-2.66733780957528	0.411251730755852	0.0439024390243902	0.159763313609467	413	169
ENSG00000238106	6.99829725632106	0.410308489424132	0.0448780487804878	0.162352941176471	102	170
ENSG00000253837	3.28410271621853	0.408670308432321	0.0458536585365854	0.164912280701754	340	171
ENSG00000228789	-6.5085465647444	0.407943387453175	0.0471544715447154	0.167630057803468	123	172
ENSG00000240086	7.58938111333344	0.407923413751425	0.0471544715447154	0.167630057803468	96	173
ENSG00000251187	-2.43758814177822	0.406449155384314	0.048130081300813	0.170114942528736	442	174
ENSG00000236107	3.42741207939696	0.405270723940331	0.0487804878048781	0.171270718232044	331	175
ENSG00000231638	4.76632831342843	0.403979917106114	0.0494308943089431	0.171270718232044	209	176
ENSG00000231062	-6.12930195768506	0.40331909904059	0.0497560975609756	0.171270718232044	137	177
ENSG00000241475	4.36427908202947	0.403270850885048	0.0497560975609756	0.171270718232044	245	178
ENSG00000188477	5.20992136172501	0.402608943782585	0.0504065040650407	0.171270718232044	183	179
ENSG00000236347	6.04090471534924	0.402592884685272	0.0504065040650407	0.171270718232044	142	180
ENSG00000258884	5.44018439704044	0.40238216019752	0.0504065040650407	0.171270718232044	171	181
ENSG00000198491	-6.11120726070197	0.401516140021331	0.0520325203252033	0.174863387978142	138	182
ENSG00000253406	-3.20511198721687	0.401395835417049	0.0520325203252033	0.174863387978142	350	183
ENSG00000236427	-4.56484270725228	0.399876241057585	0.0536585365853659	0.176595744680851	225	184
ENSG00000229191	6.21281100069085	0.399528136649407	0.0539837398373984	0.176595744680851	134	185
ENSG00000236039	5.11340891379815	0.399379352514269	0.0539837398373984	0.176595744680851	187	186
ENSG00000250493	-6.24804198609922	0.399268580432633	0.0539837398373984	0.176595744680851	132	187
ENSG00000229821	4.23714342030268	0.399152198981432	0.0539837398373984	0.176595744680851	255	188
ENSG00000226272	-4.44329059864815	0.398681128278076	0.0549593495934959	0.17720207253886	238	189
ENSG00000255267	7.65036684292998	0.397981297178753	0.055609756097561	0.17720207253886	95	190
ENSG00000224167	4.22237937229121	0.397687324836888	0.055609756097561	0.17720207253886	256	191
ENSG00000259594	4.30877555291328	0.397201436690366	0.055609756097561	0.17720207253886	249	192
ENSG00000253618	-3.73373223000597	0.396796258442881	0.055609756097561	0.17720207253886	309	193
ENSG00000225886	4.05661105252785	0.396560557335444	0.056260162601626	0.177435897435897	272	194
ENSG00000228741	5.58728440410723	0.396536195608436	0.056260162601626	0.177435897435897	159	195
ENSG00000258689	-4.35277484394308	0.395749191020023	0.0575609756097561	0.180612244897959	247	196
ENSG00000229425	4.88784649665589	0.395412868055655	0.0578861788617886	0.180710659898477	200	197
ENSG00000261265	-4.11959603565218	0.393798155503185	0.0591869918699187	0.183838383838384	266	198
ENSG00000215866	4.01778792631701	0.39365062317882	0.0598373983739837	0.184924623115578	275	199
ENSG00000241912	5.04396041095974	0.392886433160685	0.0621138211382114	0.190338164251208	189	200
ENSG00000236700	4.58949915920328	0.392386142006091	0.0627642276422764	0.190338164251208	224	201
ENSG00000261327	4.51903121256398	0.392023647414706	0.0630894308943089	0.190338164251208	230	202
ENSG00000231324	-4.83639050361752	0.391114438938261	0.0634146341463415	0.190338164251208	203	203
ENSG00000224271	5.34496893982863	0.39086305363148	0.063739837398374	0.190338164251208	178	204
ENSG00000240990	5.48465845995387	0.390744775960894	0.063739837398374	0.190338164251208	165	205
ENSG00000237009	4.67272645500856	0.390658391871566	0.0640650406504065	0.190338164251208	219	206
ENSG00000231774	7.91579204312514	0.390494930130911	0.0640650406504065	0.190338164251208	91	207
ENSG00000237587	-3.95114479929241	0.38976596576214	0.0660162601626016	0.195192307692308	283	208
ENSG00000255666	6.21344018374619	0.388667890517443	0.0666666666666667	0.196172248803828	133	209
ENSG00000235097	-4.25510451606368	0.388620335778871	0.0669918699186992	0.196190476190476	253	210
ENSG00000255509	8.27350363240004	0.387513118348256	0.0695934959349594	0.20188679245283	87	211
ENSG00000226510	-4.82430619499817	0.387484498123683	0.0695934959349594	0.20188679245283	204	212
ENSG00000259185	-2.15755265815414	0.386193645410643	0.0712195121951219	0.205479452054795	475	213
ENSG00000250073	-3.82283672692132	0.385921128778531	0.071869918699187	0.205479452054795	298	214
ENSG00000229967	8.4468332142179	0.385439792885894	0.0728455284552846	0.205479452054795	86	215
ENSG00000234362	4.6316788046575	0.385382475030555	0.0728455284552846	0.205479452054795	221	216
ENSG00000249378	4.0074280290415	0.385157338286909	0.0728455284552846	0.205479452054795	279	217
ENSG00000256751	-2.54903502191099	0.384770878129056	0.0731707317073171	0.205479452054795	426	218
ENSG00000249180	-2.14700771198515	0.384501861041931	0.0731707317073171	0.205479452054795	476	219
ENSG00000226598	4.43006048055256	0.383429692476739	0.0741463414634146	0.207272727272727	240	220
ENSG00000253348	-3.48422761212199	0.382883219407014	0.0760975609756098	0.211764705882353	328	221
ENSG00000223485	5.63628020333146	0.382129084715537	0.0767479674796748	0.2125	156	222
ENSG00000264527	5.33922920515473	0.381989407841549	0.0773983739837398	0.2125	179	223
ENSG00000256943	5.22573861557199	0.381687988234818	0.0773983739837398	0.2125	182	224
ENSG00000248174	5.66266157305824	0.381267033503316	0.0780487804878049	0.213333333333333	154	225
ENSG00000238837	-2.24898911343643	0.380314781125615	0.0790243902439024	0.215044247787611	464	226
ENSG00000230479	3.57617284224148	0.380092416378212	0.08	0.216666666666667	320	227
ENSG00000257938	4.38850669983619	0.380069432437301	0.0803252032520325	0.216666666666667	243	228
ENSG00000232335	2.8966122934898	0.379417769332752	0.0816260162601626	0.219213973799127	386	229
ENSG00000249916	4.08823427049783	0.3787220406476	0.0832520325203252	0.221097046413502	268	230
ENSG00000227094	5.43953478073647	0.378468439700047	0.0839024390243902	0.221097046413502	172	231
ENSG00000234584	3.49144930906053	0.37821007974161	0.0839024390243902	0.221097046413502	326	232
ENSG00000235897	3.76571239950655	0.377849245232878	0.0839024390243902	0.221097046413502	306	233
ENSG00000237568	3.16969145051465	0.377460723615889	0.0852032520325203	0.221097046413502	354	234
ENSG00000259847	5.92602065130728	0.377405626795503	0.0852032520325203	0.221097046413502	148	235
ENSG00000237424	3.69937014136784	0.377369321637214	0.0852032520325203	0.221097046413502	312	236
ENSG00000230533	5.57120809212153	0.377325959717451	0.0852032520325203	0.221097046413502	161	237
ENSG00000256969	-4.87750020952046	0.376583313802404	0.0878048780487805	0.226890756302521	201	238
ENSG00000233529	-5.46833853250267	0.376255683271522	0.0884552845528455	0.227615062761506	167	239
ENSG00000227145	2.79481519983079	0.375857139871137	0.0897560975609756	0.23	400	240
ENSG00000240498	3.20743278102336	0.375107821941665	0.0920325203252032	0.234677419354839	349	241
ENSG00000225243	-3.96448035991568	0.374373393482687	0.0936585365853659	0.234677419354839	282	242
ENSG00000254486	4.76457756789144	0.37430671316895	0.0936585365853659	0.234677419354839	210	243
ENSG00000249835	3.29614232117632	0.373983122333316	0.0943089430894309	0.234677419354839	339	244
ENSG00000263082	5.6282253808491	0.373892969037926	0.0943089430894309	0.234677419354839	157	245
ENSG00000265992	4.00947135429856	0.373786205438959	0.0943089430894309	0.234677419354839	277	246
ENSG00000223760	3.88521866419338	0.373732180094535	0.0943089430894309	0.234677419354839	295	247
ENSG00000205562	2.86963064012504	0.373524577977197	0.0946341463414634	0.234677419354839	389	248
ENSG00000260757	5.65328552243499	0.373123589283255	0.0959349593495935	0.235714285714286	155	249
ENSG00000260162	5.47237748562783	0.372793099458168	0.096260162601626	0.235714285714286	166	250
ENSG00000265664	3.91763197558754	0.37277383855326	0.096260162601626	0.235714285714286	290	251
ENSG00000237445	6.9803104109129	0.37249145063333	0.0965853658536585	0.235714285714286	104	252
ENSG00000263745	3.92989720283432	0.371801403341469	0.0975609756097561	0.237154150197628	289	253
ENSG00000231335	-7.78581883690269	0.37125941709816	0.0988617886178862	0.23843137254902	92	254
ENSG00000254191	3.41266620155346	0.371240444663282	0.0988617886178862	0.23843137254902	333	255
ENSG00000233854	3.17943648240116	0.370774740026141	0.100813008130081	0.2421875	353	256
ENSG00000234264	3.24977310216632	0.370281729839518	0.101788617886179	0.242471042471042	345	257
ENSG00000260402	-6.83613818331052	0.369876710565001	0.102113821138211	0.242471042471042	113	258
ENSG00000248240	3.90007094989281	0.369730021443824	0.102113821138211	0.242471042471042	294	259
ENSG00000253706	7.93396935582127	0.369023884322551	0.103089430894309	0.24367816091954	90	260
ENSG00000261760	-3.31227324580067	0.368963785805602	0.103414634146341	0.24367816091954	337	261
ENSG00000256542	6.37071038556834	0.368200189793768	0.105365853658537	0.24638783269962	128	262
ENSG00000224899	4.98361041437396	0.368104407285064	0.105365853658537	0.24638783269962	190	263
ENSG00000224034	4.1763129753297	0.367298815927052	0.106666666666667	0.246616541353383	260	264
ENSG00000233682	4.96560416615483	0.367241667744335	0.106666666666667	0.246616541353383	192	265
ENSG00000251292	4.13637827578726	0.366975181435448	0.106666666666667	0.246616541353383	265	266
ENSG00000241220	4.48014788375039	0.366720648204446	0.107317073170732	0.247191011235955	236	267
ENSG00000251003	5.98719416884902	0.365893772265785	0.108617886178862	0.24907063197026	145	268
ENSG00000258766	-3.81135651509931	0.36569973951481	0.108943089430894	0.24907063197026	300	269
ENSG00000231407	3.4873888235688	0.364685514481514	0.111869918699187	0.253676470588235	327	270
ENSG00000257042	3.93755871675126	0.364671294172672	0.111869918699187	0.253676470588235	288	271
ENSG00000260827	-5.99171863073689	0.36446312705058	0.11219512195122	0.253676470588235	144	272
ENSG00000265787	-5.55482236693225	0.363940928843549	0.11349593495935	0.255474452554745	163	273
ENSG00000240666	2.78574527608539	0.363803062143991	0.113821138211382	0.255474452554745	402	274
ENSG00000237975	-3.34129539759842	0.36320615201187	0.11479674796748	0.256727272727273	335	275
ENSG00000151303	-3.33064733206956	0.362034874493701	0.119674796747967	0.265467625899281	336	276
ENSG00000261009	-5.85527396639883	0.361926365021552	0.119674796747967	0.265467625899281	151	277
ENSG00000253848	3.96610861500042	0.361348886667896	0.12	0.265467625899281	281	278
ENSG00000237525	4.01941345955848	0.360534302531216	0.121626016260163	0.267375886524823	274	279
ENSG00000230432	5.55301161765488	0.360312577876429	0.12260162601626	0.267375886524823	164	280
ENSG00000254545	4.7305055652031	0.360141424233524	0.12260162601626	0.267375886524823	214	281
ENSG00000261606	-4.20941545233982	0.359966752165385	0.12260162601626	0.267375886524823	258	282
ENSG00000257579	-2.8517122541138	0.359087187349282	0.127154471544715	0.275352112676056	390	283
ENSG00000234210	3.56021875051364	0.358916550767498	0.127154471544715	0.275352112676056	322	284
ENSG00000224116	2.83314466439921	0.358415618841433	0.128455284552846	0.27719298245614	394	285
ENSG00000235481	-3.0556913312927	0.357814978517564	0.129105691056911	0.277622377622378	371	286
ENSG00000226012	5.36421666993025	0.356304099102748	0.131707317073171	0.282229965156794	175	287
ENSG00000264222	-7.158756347996	0.355479834591025	0.133658536585366	0.284429065743945	99	288
ENSG00000233901	2.78798302446741	0.355439322281977	0.133658536585366	0.284429065743945	401	289
ENSG00000263873	3.15701999642613	0.355192255529274	0.134634146341463	0.285223367697594	357	290
ENSG00000234380	4.86262404986472	0.35497651160077	0.134959349593496	0.285223367697594	202	291
ENSG00000182021	-3.0070056698909	0.353733983960181	0.138536585365854	0.291156462585034	378	292
ENSG00000183674	5.4578716336627	0.353496686585571	0.139186991869919	0.291156462585034	169	293
ENSG00000226856	4.89599604236305	0.353442680519524	0.139186991869919	0.291156462585034	198	294
ENSG00000236841	4.10305602178064	0.352658417797004	0.140162601626016	0.292203389830508	267	295
ENSG00000261185	4.17161968494698	0.351924665884702	0.141788617886179	0.294276094276094	261	296
ENSG00000240440	2.88207230463909	0.351851452071059	0.142113821138211	0.294276094276094	388	297
ENSG00000260311	-5.45206639857607	0.35005497139881	0.144715447154472	0.297333333333333	170	298
ENSG00000261742	4.27396363834446	0.350028766090593	0.144715447154472	0.297333333333333	252	299
ENSG00000258955	3.20870098992948	0.349717444208624	0.145040650406504	0.297333333333333	348	300
ENSG00000232893	4.4861510938581	0.349569524048801	0.145691056910569	0.297674418604651	234	301
ENSG00000225315	4.77322104726248	0.348906460841186	0.147317073170732	0.299346405228758	208	302
ENSG00000227053	3.79248125712728	0.348655950073584	0.147967479674797	0.299346405228758	302	303
ENSG00000237453	-5.59095944830865	0.348445060376895	0.148943089430894	0.299346405228758	158	304
ENSG00000255571	3.36697698454159	0.348336936135221	0.148943089430894	0.299346405228758	334	305
ENSG00000262074	3.44058366965058	0.348028315874708	0.148943089430894	0.299346405228758	329	306
ENSG00000242629	-2.82237362429372	0.347012511510539	0.152845528455285	0.306148867313916	396	307
ENSG00000188660	3.18042073073217	0.346632067818021	0.15349593495935	0.306148867313916	352	308
ENSG00000225916	3.91555066322923	0.346525815552807	0.153821138211382	0.306148867313916	291	309
ENSG00000234869	1.80412674401461	0.346189552819635	0.155121951219512	0.307301587301587	534	310
ENSG00000226690	4.91429789126511	0.346050065638542	0.156422764227642	0.307301587301587	196	311
ENSG00000246740	2.5639612446786	0.345874892887438	0.156747967479675	0.307301587301587	424	312
ENSG00000233080	3.15371398465922	0.345613329759082	0.157073170731707	0.307301587301587	359	313
ENSG00000230798	2.84321169738665	0.34560003868277	0.157073170731707	0.307301587301587	393	314
ENSG00000265933	3.53864083281877	0.345348307497393	0.15739837398374	0.307301587301587	323	315
ENSG00000253187	3.63028547841681	0.344831109146618	0.159674796747967	0.310691823899371	318	316
ENSG00000231806	4.60416344610098	0.344206977537614	0.160650406504065	0.310691823899371	223	317
ENSG00000234902	2.60253609150844	0.344199359464019	0.160650406504065	0.310691823899371	419	318
ENSG00000224819	4.8160766355759	0.343806648368045	0.16130081300813	0.310971786833856	206	319
ENSG00000230918	3.18676590176666	0.342978709743559	0.163577235772358	0.312538226299694	351	320
ENSG00000260763	4.74303035640446	0.342930452944295	0.16390243902439	0.312538226299694	211	321
ENSG00000223579	4.00884057111556	0.342887786279398	0.16390243902439	0.312538226299694	278	322
ENSG00000224269	-5.87027022053489	0.342757234055265	0.164227642276423	0.312538226299694	149	323
ENSG00000229400	3.03573926925874	0.341940269070254	0.16520325203252	0.312538226299694	375	324
ENSG00000259580	2.45225938417754	0.341692349369163	0.166178861788618	0.312538226299694	437	325
ENSG00000228100	-4.20680051668263	0.341646852129752	0.166178861788618	0.312538226299694	259	326
ENSG00000226004	3.9453500780697	0.341443854000097	0.166178861788618	0.312538226299694	285	327
ENSG00000260577	2.23111446776572	0.340473130807598	0.168130081300813	0.315243902439024	466	328
ENSG00000236064	3.43173918966403	0.340049080707401	0.169105691056911	0.316109422492401	330	329
ENSG00000215394	4.35280682289035	0.339944398623913	0.169756097560976	0.316363636363636	246	330
ENSG00000233342	-5.16449799524384	0.339305328823891	0.171382113821138	0.317888563049853	186	331
ENSG00000233928	4.5200562176919	0.338700543182884	0.173008130081301	0.317888563049853	229	332
ENSG00000253784	5.57728426051282	0.338672756297963	0.173008130081301	0.317888563049853	160	333
ENSG00000235277	4.27432814257219	0.338341399871865	0.173983739837398	0.317888563049853	251	334
ENSG00000255082	4.72966275488599	0.33818224902007	0.174634146341463	0.317888563049853	215	335
ENSG00000259678	1.72076754011105	0.338135892499882	0.174634146341463	0.317888563049853	551	336
ENSG00000224958	-2.56653086324425	0.33792294718277	0.175609756097561	0.317888563049853	423	337
ENSG00000233038	2.76895216804421	0.337897023969818	0.175609756097561	0.317888563049853	405	338
ENSG00000260512	1.92912948635931	0.337849167354406	0.175934959349593	0.317888563049853	503	339
ENSG00000246889	2.38793019657793	0.337608751593702	0.176260162601626	0.317888563049853	447	340
ENSG00000232524	3.88000027211955	0.337531747556641	0.176260162601626	0.317888563049853	296	341
ENSG00000245466	-4.67447593455838	0.337272736397445	0.177560975609756	0.318023255813954	218	342
ENSG00000228294	4.24674563314064	0.337194978061339	0.177560975609756	0.318023255813954	254	343
ENSG00000224189	2.5157046874592	0.33709911747851	0.177886178861789	0.318023255813954	430	344
ENSG00000262202	3.16769833696547	0.335498251663122	0.181788617886179	0.324057971014493	356	345
ENSG00000250421	3.42067600937744	0.335239286934444	0.182764227642276	0.32485549132948	332	346
ENSG00000231574	4.41730160999292	0.333726478965929	0.185365853658537	0.328530259365994	241	347
ENSG00000247134	3.99164350022736	0.3331808950522	0.187642276422764	0.33048433048433	280	348
ENSG00000260394	2.59389146025351	0.333035267722746	0.188292682926829	0.33048433048433	421	349
ENSG00000223949	4.92032854314884	0.332947974913958	0.188292682926829	0.33048433048433	195	350
ENSG00000262001	3.15487808598785	0.332513122046632	0.188617886178862	0.33048433048433	358	351
ENSG00000251018	2.38662483918818	0.331328309913817	0.192520325203252	0.335977337110482	448	352
ENSG00000235512	-2.451097770455	0.331062192612431	0.192845528455285	0.335977337110482	438	353
ENSG00000266278	4.03942680375472	0.330647007562481	0.194146341463415	0.33728813559322	273	354
ENSG00000261507	-5.08172027218667	0.330285365630009	0.19479674796748	0.337464788732394	188	355
ENSG00000217258	2.81743538294919	0.329641282343086	0.196422764227642	0.339325842696629	397	356
ENSG00000244649	4.21120980309561	0.329304266001874	0.197073170731707	0.339495798319328	257	357
ENSG00000246211	4.61102071861981	0.328390660649042	0.20130081300813	0.34579945799458	222	358
ENSG00000227925	3.78888962039047	0.32806334970013	0.202276422764228	0.34579945799458	303	359
ENSG00000259692	2.9546568177591	0.327959834636625	0.20260162601626	0.34579945799458	384	360
ENSG00000254287	2.37709500286564	0.327163536079888	0.205528455284553	0.34579945799458	453	361
ENSG00000258711	3.81599609898509	0.327160566403463	0.205528455284553	0.34579945799458	299	362
ENSG00000236242	3.49251273077849	0.326832116919603	0.20650406504065	0.34579945799458	325	363
ENSG00000237686	3.8521810662284	0.326731439622981	0.20650406504065	0.34579945799458	297	364
ENSG00000177822	4.73255976450344	0.326582048385298	0.20650406504065	0.34579945799458	213	365
ENSG00000229647	3.22532382806086	0.326379468156687	0.206829268292683	0.34579945799458	347	366
ENSG00000213468	4.7349503889937	0.326325542966191	0.206829268292683	0.34579945799458	212	367
ENSG00000229656	3.69060919482932	0.325899081704426	0.207479674796748	0.34579945799458	313	368
ENSG00000225606	-3.53343425545275	0.325825188561011	0.207479674796748	0.34579945799458	324	369
ENSG00000228126	-4.4608291781065	0.324905017036054	0.209756097560976	0.345844504021448	237	370
ENSG00000261159	1.8663044731739	0.324671727233171	0.209756097560976	0.345844504021448	518	371
ENSG00000232194	3.04508173488986	0.324622951764046	0.209756097560976	0.345844504021448	373	372
ENSG00000253979	3.94449021035644	0.324447701172549	0.209756097560976	0.345844504021448	286	373
ENSG00000240825	2.31602688298255	0.324118276655248	0.212357723577236	0.348404255319149	458	374
ENSG00000265185	2.71094050497055	0.323724098243167	0.212682926829268	0.348404255319149	409	375
ENSG00000262921	-4.97833335305688	0.323630193347036	0.213008130081301	0.348404255319149	191	376
ENSG00000228203	3.64371234656208	0.322820010243971	0.215934959349594	0.352254641909814	317	377
ENSG00000258791	4.37364707983371	0.321734518635963	0.219837398373984	0.357671957671958	244	378
ENSG00000231560	3.05380946165786	0.321280572537556	0.221138211382114	0.357702349869452	372	379
ENSG00000231394	4.89626912959653	0.321036112223497	0.222113821138211	0.357702349869452	197	380
ENSG00000235884	4.07798825746145	0.32096175011363	0.222439024390244	0.357702349869452	269	381
ENSG00000259459	-3.14811971193626	0.320870383550923	0.222439024390244	0.357702349869452	361	382
ENSG00000241048	-4.81891623954494	0.320855668723379	0.222764227642276	0.357702349869452	205	383
ENSG00000171889	2.88538123415862	0.320411977068088	0.224390243902439	0.359375	387	384
ENSG00000228705	4.1434952264646	0.319911830811339	0.225365853658537	0.36	264	385
ENSG00000251363	3.67056153694661	0.319031498219633	0.228617886178862	0.362982005141388	316	386
ENSG00000232788	1.97012765732375	0.318986380557048	0.228617886178862	0.362982005141388	493	387
ENSG00000261039	4.72694693516653	0.318752721702369	0.229593495934959	0.362982005141388	216	388
ENSG00000250893	-1.89509639805622	0.31875056550315	0.229593495934959	0.362982005141388	508	389
ENSG00000226330	-3.15129020700784	0.317589628359994	0.232845528455285	0.367179487179487	360	390
ENSG00000258088	-2.53596333231943	0.31746562864782	0.23479674796748	0.369309462915601	429	391
ENSG00000263325	-2.310078247244	0.316863060338035	0.238048780487805	0.373469387755102	459	392
ENSG00000260517	1.90865372444859	0.316369024348953	0.239024390243902	0.374045801526718	507	393
ENSG00000254721	2.80241587344666	0.316271299046013	0.239674796747967	0.374111675126904	399	394
ENSG00000225792	1.87928883012896	0.315254415129132	0.243252032520325	0.378282828282828	515	395
ENSG00000234678	-1.98112539606382	0.314981559319676	0.243577235772358	0.378282828282828	492	396
ENSG00000245614	2.61368533547971	0.314371647275713	0.246178861788618	0.381360201511335	418	397
ENSG00000234245	2.78392015805078	0.314048703393732	0.247154471544715	0.381909547738693	403	398
ENSG00000260618	-1.88409251412636	0.313784986664796	0.248780487804878	0.383458646616541	510	399
ENSG00000259342	-2.96036246169269	0.313180098755363	0.250406504065041	0.385	383	400
ENSG00000244351	4.51020927944587	0.311752848750532	0.254308943089431	0.39002493765586	231	401
ENSG00000224969	4.01594476503341	0.311511251684629	0.256260162601626	0.39106699751861	276	402
ENSG00000238042	4.17085578856146	0.311485725930319	0.256260162601626	0.39106699751861	262	403
ENSG00000257139	2.63427685199908	0.31103690656679	0.257235772357724	0.391584158415842	416	404
ENSG00000225535	2.96912973034439	0.310664906656596	0.259186991869919	0.393120393120393	381	405
ENSG00000234756	-4.50876254932836	0.310100441228991	0.259837398373984	0.393120393120393	232	406
ENSG00000228109	2.31763270397899	0.309790565050621	0.260162601626016	0.393120393120393	457	407
ENSG00000240401	1.6524663785222	0.309589777413381	0.261463414634146	0.393154034229829	563	408
ENSG00000250337	4.14732471841581	0.309526032443681	0.261463414634146	0.393154034229829	263	409
ENSG00000254988	-2.48923356219991	0.30884370355395	0.263739837398374	0.395609756097561	432	410
ENSG00000253722	1.65839747896482	0.308550206992004	0.265040650406504	0.396593673965937	562	411
ENSG00000233593	2.37909576294291	0.307951000642185	0.267317073170732	0.399029126213592	450	412
ENSG00000265408	-2.1875758631381	0.307351159055116	0.268617886178862	0.4	470	413
ENSG00000257718	2.40766223946646	0.307024493405612	0.269268292682927	0.4	445	414
ENSG00000258308	3.73661288652661	0.306566449085712	0.270894308943089	0.4	308	415
ENSG00000253851	1.94560371290153	0.306416060281195	0.271219512195122	0.4	499	416
ENSG00000229952	2.59717140879866	0.306397410818145	0.271219512195122	0.4	420	417
ENSG00000228216	3.12316676756644	0.305763536402651	0.27349593495935	0.401425178147268	364	418
ENSG00000255644	1.85198414459196	0.305702372504026	0.273821138211382	0.401425178147268	524	419
ENSG00000258725	1.74728171901572	0.305474951584806	0.274471544715447	0.401425178147268	546	420
ENSG00000247011	-2.6575275997655	0.305280175356358	0.27479674796748	0.401425178147268	415	421
ENSG00000232675	-2.03782494291691	0.30493427218507	0.27609756097561	0.402369668246446	488	422
ENSG00000253174	2.10490530396748	0.303685122184243	0.280325203252033	0.406117647058824	480	423
ENSG00000226051	-4.0662195719499	0.303454615267124	0.280650406504065	0.406117647058824	271	424
ENSG00000233818	3.72794947578105	0.303287837797523	0.280650406504065	0.406117647058824	310	425
ENSG00000229278	3.26553899248632	0.302186142462686	0.284878048780488	0.411267605633803	343	426
ENSG00000260415	2.76430055518839	0.300743452617999	0.289105691056911	0.416393442622951	406	427
ENSG00000224911	1.96260055711684	0.299848657275848	0.293008130081301	0.419954648526077	494	428
ENSG00000261068	-3.90498421394799	0.299410459884437	0.293333333333333	0.419954648526077	293	429
ENSG00000237125	2.29682479391012	0.298550605210372	0.296260162601626	0.419954648526077	461	430
ENSG00000204055	2.81650464892785	0.29816735605177	0.298211382113821	0.419954648526077	398	431
ENSG00000259807	3.25523661757842	0.29811695941097	0.298211382113821	0.419954648526077	344	432
ENSG00000259006	2.83240653236736	0.297998992876881	0.298536585365854	0.419954648526077	395	433
ENSG00000228140	2.4869723284035	0.297828447683281	0.298536585365854	0.419954648526077	433	434
ENSG00000258534	2.16444977647956	0.297671914785477	0.298861788617886	0.419954648526077	474	435
ENSG00000237689	-3.74575367583251	0.297466336016864	0.300487804878049	0.419954648526077	307	436
ENSG00000227751	1.5188272146343	0.29738207364588	0.300487804878049	0.419954648526077	582	437
ENSG00000257225	1.93687772589213	0.297380222712326	0.300487804878049	0.419954648526077	502	438
ENSG00000250692	-3.11553068909911	0.297293778793522	0.300487804878049	0.419954648526077	366	439
ENSG00000228682	-3.80734988944051	0.297029644793808	0.300813008130081	0.419954648526077	301	440
ENSG00000225684	2.98804824150274	0.296932987211939	0.301138211382114	0.419954648526077	379	441
ENSG00000258666	1.91948622147624	0.295674825982424	0.303414634146341	0.422171945701357	505	442
ENSG00000246375	-3.72656908475086	0.295033081399384	0.307642276422764	0.427088036117381	311	443
ENSG00000234155	3.77308219893968	0.294430418249505	0.309593495934959	0.428828828828829	304	444
ENSG00000250682	3.30106603567398	0.2938817303936	0.313170731707317	0.431180400890869	338	445
ENSG00000237480	-2.97651071990981	0.293629104154297	0.314146341463415	0.431180400890869	380	446
ENSG00000259153	-2.45102999440102	0.293494165492558	0.31479674796748	0.431180400890869	439	447
ENSG00000227959	-2.47231610836776	0.293364419485859	0.31479674796748	0.431180400890869	435	448
ENSG00000172965	1.79075906111494	0.293340581351857	0.31479674796748	0.431180400890869	537	449
ENSG00000223884	3.69003888809738	0.292502185894276	0.318373983739837	0.435111111111111	314	450
ENSG00000246859	1.80365248907838	0.292396972004027	0.319349593495935	0.435320088300221	535	451
ENSG00000234070	3.08296006819324	0.292230283182931	0.320325203252033	0.435320088300221	368	452
ENSG00000264177	-1.8597745540612	0.292140090527249	0.320650406504065	0.435320088300221	519	453
ENSG00000261568	2.68028578060727	0.291699109779832	0.321626016260163	0.435526315789474	410	454
ENSG00000228318	2.29316913177524	0.291483639534483	0.322276422764228	0.435526315789474	462	455
ENSG00000224930	3.04190065593954	0.291433522287229	0.322926829268293	0.435526315789474	374	456
ENSG00000256482	3.6235162585485	0.290346024219746	0.32650406504065	0.438427947598253	319	457
ENSG00000255362	3.12007611719716	0.290314756756045	0.32650406504065	0.438427947598253	365	458
ENSG00000228204	-1.84589741830146	0.289510240435468	0.330081300813008	0.440692640692641	526	459
ENSG00000259644	-2.96811316835094	0.289367174382517	0.330406504065041	0.440692640692641	382	460
ENSG00000261762	1.85585734909546	0.289277357489499	0.330731707317073	0.440692640692641	523	461
ENSG00000249293	3.02965232435536	0.289141603902082	0.331056910569106	0.440692640692641	377	462
ENSG00000225511	2.21669152678251	0.288751760929231	0.332032520325203	0.441036717062635	469	463
ENSG00000237768	1.94946145773218	0.288603892424992	0.333008130081301	0.441379310344828	496	464
ENSG00000254238	1.88010742766251	0.287990005249329	0.334959349593496	0.443010752688172	514	465
ENSG00000245311	-1.84132099863147	0.287453778110698	0.336585365853659	0.444206008583691	528	466
ENSG00000258604	-2.42460190710452	0.286920489261441	0.337560975609756	0.444539614561028	444	467
ENSG00000249859	1.68203513273067	0.286267037811138	0.341138211382114	0.448290598290598	558	468
ENSG00000232600	2.0235413746988	0.286076597136061	0.342439024390244	0.448407643312102	490	469
ENSG00000233635	2.37870951814181	0.285830682983475	0.343414634146341	0.448407643312102	451	470
ENSG00000237819	3.05642545797003	0.285732634013068	0.343414634146341	0.448407643312102	370	471
ENSG00000250930	-2.92408440507182	0.28438034682481	0.346341463414634	0.451271186440678	385	472
ENSG00000185065	1.62492899745279	0.283641186107635	0.349593495934959	0.454545454545455	567	473
ENSG00000225666	2.33288270677738	0.283328977245293	0.351219512195122	0.454926624737945	456	474
ENSG00000224184	3.1683495018681	0.282981853603507	0.352195121951219	0.454926624737945	355	475
ENSG00000232803	-1.85671435220126	0.282538925616221	0.352845528455285	0.454926624737945	522	476
ENSG00000250610	1.87738316859875	0.282392084805134	0.352845528455285	0.454926624737945	516	477
ENSG00000256417	3.07835439158688	0.281742228484893	0.355447154471545	0.457322175732218	369	478
ENSG00000256139	-1.71932268749468	0.280414809976081	0.360650406504065	0.463048016701461	554	479
ENSG00000262380	3.1441597168019	0.279248030528776	0.366178861788618	0.469166666666667	362	480
ENSG00000248694	2.18270223112433	0.278946231433742	0.367479674796748	0.46985446985447	472	481
ENSG00000255364	-2.84896314717689	0.277311254550703	0.373333333333333	0.475206611570248	391	482
ENSG00000260578	1.94671671685743	0.277261938096721	0.373983739837398	0.475206611570248	498	483
ENSG00000230113	1.66084161756474	0.277089061794173	0.373983739837398	0.475206611570248	561	484
ENSG00000259954	1.62485042080692	0.276569509702305	0.375609756097561	0.476288659793814	568	485
ENSG00000255322	2.55182756954843	0.275984704540626	0.377235772357724	0.477207392197125	425	486
ENSG00000261553	-1.34145570492995	0.275660962578473	0.377886178861789	0.477207392197125	599	487
ENSG00000242590	2.45268081553022	0.275113448568461	0.379512195121951	0.47827868852459	436	488
ENSG00000237133	1.8069378119585	0.274044425813614	0.384715447154472	0.483503054989817	532	489
ENSG00000235852	1.91547831189102	0.27372732233192	0.386016260162602	0.483503054989817	506	490
ENSG00000245067	1.77542982903043	0.273724040890655	0.386016260162602	0.483503054989817	540	491
ENSG00000258525	1.84474727376349	0.27304309527649	0.388943089430894	0.485192697768763	527	492
ENSG00000249007	-2.06320109273245	0.272810411144968	0.388943089430894	0.485192697768763	485	493
ENSG00000259306	2.67757086543847	0.27223013447937	0.391544715447154	0.486464646464646	411	494
ENSG00000262006	-3.23092584777383	0.272218752600472	0.391544715447154	0.486464646464646	346	495
ENSG00000241679	2.44749307410514	0.270778719455249	0.397073170731707	0.492338709677419	441	496
ENSG00000224137	3.13331553421019	0.270169564376137	0.399024390243902	0.493574297188755	363	497
ENSG00000260810	2.57137979269306	0.26995457066619	0.399674796747967	0.493574297188755	422	498
ENSG00000261460	1.55114505797933	0.269421310539102	0.401951219512195	0.495390781563126	580	499
ENSG00000236234	-2.61420821367636	0.268765440425712	0.404552845528455	0.4976	417	500
ENSG00000242428	-2.146734810573	0.268424736945571	0.405528455284553	0.497804391217565	477	501
ENSG00000259780	2.29708049719138	0.268168495466711	0.407154471544715	0.498608349900596	460	502
ENSG00000257495	-2.09877118661925	0.267877269359933	0.40780487804878	0.498608349900596	482	503
ENSG00000230628	-2.38422946267439	0.267174804910547	0.411382113821138	0.501984126984127	449	504
ENSG00000258077	-2.36009931387715	0.266555845614897	0.414634146341463	0.504950495049505	454	505
ENSG00000253163	2.66498954820635	0.264763296362516	0.420487804878049	0.509626719056975	414	506
ENSG00000160957	1.71839572454926	0.264544254037064	0.421138211382114	0.509626719056975	555	507
ENSG00000250513	-2.43182648655228	0.264338994917995	0.421463414634146	0.509626719056975	443	508
ENSG00000203999	2.77978879475278	0.26414336786275	0.421788617886179	0.509626719056975	404	509
ENSG00000257530	2.10396799586359	0.263553132688014	0.423414634146341	0.510588235294118	481	510
ENSG00000237989	2.27390403921672	0.262873392472219	0.425365853658537	0.511937377690802	463	511
ENSG00000264932	-2.54830939576771	0.262048883892029	0.427317073170732	0.51328125	427	512
ENSG00000224397	2.22055229870031	0.260938404984061	0.431219512195122	0.516504854368932	468	513
ENSG00000265055	2.71736210877981	0.260550059231164	0.43219512195122	0.516504854368932	407	514
ENSG00000229720	2.71658735610238	0.260428559699422	0.432520325203252	0.516504854368932	408	515
ENSG00000257202	2.05992987206623	0.25990372663171	0.43479674796748	0.518217054263566	486	516
ENSG00000223839	-2.44787121042695	0.258607732798039	0.442276422764228	0.525626204238921	440	517
ENSG00000229893	-1.52565525002986	0.258068834097697	0.443577235772358	0.525626204238921	581	518
ENSG00000266261	-1.94717117364317	0.258031270937659	0.443577235772358	0.525626204238921	497	519
ENSG00000185186	2.39678149792096	0.25735342252122	0.445528455284553	0.526923076923077	446	520
ENSG00000229334	1.5930206779802	0.256820616032085	0.448455284552846	0.528735632183908	576	521
ENSG00000234076	2.22865357118457	0.256603033282074	0.448780487804878	0.528735632183908	467	522
ENSG00000262115	1.79487672721161	0.255587656851684	0.453983739837398	0.533843212237094	536	523
ENSG00000257702	1.88329136881522	0.255198077517408	0.456260162601626	0.535496183206107	511	524
ENSG00000198221	-2.37778057795644	0.254655966024918	0.457235772357724	0.535619047619048	452	525
ENSG00000228561	2.09072524703925	0.253313943240061	0.461138211382114	0.539163498098859	483	526
ENSG00000254153	-2.67048166000852	0.252835055912099	0.463739837398374	0.541176470588235	412	527
ENSG00000227227	1.92254205642416	0.252024322049197	0.467317073170732	0.544318181818182	504	528
ENSG00000254369	1.75271021238328	0.250960817759018	0.470243902439024	0.54566037735849	545	529
ENSG00000259206	-1.49842403228295	0.250914576057088	0.470243902439024	0.54566037735849	586	530
ENSG00000260219	1.8067415287738	0.250258425766852	0.471869918699187	0.546516007532957	533	531
ENSG00000259310	-1.48061170035176	0.249700598622737	0.475121951219512	0.549248120300752	591	532
ENSG00000224621	-2.54206693876227	0.248589645374439	0.480975609756098	0.554971857410882	428	533
ENSG00000223552	2.35549525208336	0.248265360664401	0.482926829268293	0.555140186915888	455	534
ENSG00000262251	1.85676982533292	0.24794471561158	0.482926829268293	0.555140186915888	521	535
ENSG00000146143	1.72511169791398	0.246388649284765	0.487479674796748	0.559328358208955	550	536
ENSG00000265393	1.67164091717881	0.246213612125007	0.488780487804878	0.559776536312849	560	537
ENSG00000249076	-1.37171696699225	0.245350217995941	0.493333333333333	0.563940520446097	596	538
ENSG00000258301	1.51720128466227	0.244231845789021	0.497235772357724	0.56734693877551	583	539
ENSG00000261658	1.93849642973642	0.242972986934841	0.502113821138211	0.571851851851852	501	540
ENSG00000244151	1.76627155434432	0.242593703701917	0.503739837398374	0.572643253234751	543	541
ENSG00000237714	1.73717712247008	0.241947807557546	0.506666666666667	0.573848987108656	547	542
ENSG00000236986	-1.71997772941083	0.241775234961703	0.506666666666667	0.573848987108656	553	543
ENSG00000231770	2.0272033770644	0.241088550856908	0.510894308943089	0.577573529411765	489	544
ENSG00000258757	-1.65038515516732	0.2398188255949	0.515447154471545	0.580952380952381	564	545
ENSG00000242808	2.11691417279198	0.23965792734545	0.515772357723577	0.580952380952381	478	546
ENSG00000248101	1.57848057142111	0.239094525437163	0.519024390243902	0.583242258652095	577	547
ENSG00000242349	1.62717733630131	0.23876701322589	0.520325203252033	0.583242258652095	566	548
ENSG00000255992	1.88232631557502	0.238552528927194	0.520650406504065	0.583242258652095	512	549
ENSG00000233885	1.72050973958167	0.237932246876345	0.524227642276423	0.585869565217391	552	550
ENSG00000237233	2.16695687053245	0.237412068894306	0.52520325203252	0.585869565217391	473	551
ENSG00000260213	1.88124867875623	0.237199337709858	0.525853658536585	0.585869565217391	513	552
ENSG00000229664	1.85703103821466	0.236695913089851	0.527804878048781	0.586980108499096	520	553
ENSG00000233244	-2.23980889090077	0.234516166863395	0.539186991869919	0.5985559566787	465	554
ENSG00000261641	1.6156012703581	0.233618988358884	0.543739837398374	0.602513464991023	572	555
ENSG00000265415	1.87486165899712	0.232699864808396	0.545691056910569	0.602513464991023	517	556
ENSG00000245522	1.7798134094019	0.232585824718158	0.545691056910569	0.602513464991023	539	557
ENSG00000249913	-1.34820558885776	0.230151178360958	0.552845528455285	0.608586762075134	598	558
ENSG00000260874	1.61570432753964	0.230063406368	0.553170731707317	0.608586762075134	571	559
ENSG00000264608	1.60716946402373	0.229601468552619	0.555447154471545	0.61	573	560
ENSG00000263986	1.55120195471579	0.228354415565049	0.56	0.610247349823322	579	561
ENSG00000241528	2.11549452313696	0.228341358373938	0.560325203252032	0.610247349823322	479	562
ENSG00000163364	2.18558141843166	0.228200102399958	0.560650406504065	0.610247349823322	471	563
ENSG00000260432	-1.95147786418395	0.2281428552875	0.560650406504065	0.610247349823322	495	564
ENSG00000225205	1.7024119479427	0.228080554483064	0.560650406504065	0.610247349823322	556	565
ENSG00000257596	1.76067531328755	0.227807941756004	0.561626016260163	0.610247349823322	544	566
ENSG00000250685	-1.15837716250434	0.226118440571444	0.567154471544715	0.613005272407733	608	567
ENSG00000257152	2.01361513755791	0.226098338011555	0.567154471544715	0.613005272407733	491	568
ENSG00000236088	-2.08421242236899	0.22600898755773	0.567154471544715	0.613005272407733	484	569
ENSG00000255404	-1.11544573487635	0.224403428833756	0.575609756097561	0.621052631578947	612	570
ENSG00000227410	-1.93882348835231	0.223334156519859	0.577235772357724	0.621716287215412	500	571
ENSG00000235772	-2.04076983700991	0.222584376357394	0.580162601626016	0.623776223776224	487	572
ENSG00000263715	-1.38017595073845	0.221622642275025	0.584065040650407	0.626876090750436	595	573
ENSG00000264272	1.78719100360723	0.221139178096643	0.585691056910569	0.627526132404181	538	574
ENSG00000225057	-1.51478191606035	0.220544356862606	0.586991869918699	0.627826086956522	584	575
ENSG00000245648	1.8297111764196	0.219459394578439	0.590894308943089	0.630902777777778	530	576
ENSG00000261335	1.69250821540981	0.218946572412225	0.594146341463415	0.633275563258232	557	577
ENSG00000250116	1.83910358635486	0.21783303889368	0.598048780487805	0.635578583765112	529	578
ENSG00000229257	1.59939410836265	0.217768200600427	0.598373983739837	0.635578583765112	575	579
ENSG00000261385	-1.48901459433775	0.215483719449151	0.607154471544715	0.643793103448276	589	580
ENSG00000261051	1.73278485472044	0.214105369623107	0.610406504065041	0.645704467353952	548	581
ENSG00000259901	1.84692111124159	0.213907976295233	0.611056910569106	0.645704467353952	525	582
ENSG00000232814	1.76826756025563	0.21207787087473	0.618861788617886	0.652739726027397	542	583
ENSG00000261604	-1.40888914260447	0.211805224356069	0.619837398373984	0.652739726027397	594	584
ENSG00000239213	1.81227827294573	0.210526603353173	0.624715447154472	0.656752136752137	531	585
ENSG00000261452	1.89048187262192	0.209941295559141	0.626016260162602	0.656996587030717	509	586
ENSG00000261367	-1.77369070374635	0.207700537541793	0.635772357723577	0.664080944350759	541	587
ENSG00000236743	-1.6733443532763	0.207204513719956	0.636747967479675	0.664080944350759	559	588
ENSG00000256967	1.62262262773916	0.206224775994874	0.63869918699187	0.664080944350759	569	589
ENSG00000204706	-1.06711172064161	0.206172009215922	0.63869918699187	0.664080944350759	614	590
ENSG00000237485	1.60521755138226	0.206047912920255	0.639024390243902	0.664080944350759	574	591
ENSG00000204623	1.45924129706177	0.205563920300519	0.640325203252033	0.664080944350759	593	592
ENSG00000237857	1.72825247626475	0.205545290490847	0.640325203252033	0.664080944350759	549	593
ENSG00000256152	-1.49014409018329	0.20214313971091	0.653008130081301	0.676094276094276	588	594
ENSG00000231871	1.62983195906751	0.201354373885648	0.656585365853659	0.678655462184874	565	595
ENSG00000229702	-1.61987593471615	0.200289857625952	0.659837398373984	0.680872483221476	570	596
ENSG00000260401	-1.23634873426434	0.195809264090403	0.670894308943089	0.691122278056951	602	597
ENSG00000231709	-1.49044200168438	0.195312057902586	0.67349593495935	0.692642140468227	587	598
ENSG00000229502	-1.46563626830865	0.193607059936247	0.679349593495935	0.697495826377295	592	599
ENSG00000230423	-1.56491657950659	0.192632010591274	0.68260162601626	0.697674418604651	578	600
ENSG00000259468	-1.3508444677406	0.192380873060988	0.682926829268293	0.697674418604651	597	601
ENSG00000255989	-1.50408047777195	0.192249039794671	0.682926829268293	0.697674418604651	585	602
ENSG00000257433	-1.48121816863926	0.187596114774516	0.693333333333333	0.706622516556291	590	603
ENSG00000266495	-1.2250383479339	0.187412571047534	0.693983739837398	0.706622516556291	604	604
ENSG00000250286	-1.12761130449597	0.186087716127072	0.698536585365854	0.710082644628099	610	605
ENSG00000230140	-1.12341276373806	0.185542871172991	0.701788617886179	0.710526315789474	611	606
ENSG00000237705	-1.32365624136464	0.185474305449029	0.702113821138211	0.710526315789474	600	607
ENSG00000246851	-1.20965597815601	0.185417112331881	0.702439024390244	0.710526315789474	606	608
ENSG00000260230	-1.24734695162658	0.184790462278783	0.705040650406504	0.711986863711002	601	609
ENSG00000263766	-1.23468693973827	0.177128194977168	0.724878048780488	0.730819672131148	603	610
ENSG00000261324	-1.14956274925248	0.174363498324968	0.732682926829268	0.736928104575163	609	611
ENSG00000266036	-1.21925806560774	0.173968693832032	0.733333333333333	0.736928104575163	605	612
ENSG00000248201	-1.0980128292236	0.170302208757611	0.744065040650406	0.746492659053834	613	613
ENSG00000251260	-1.20936663960826	0.16554178635917	0.76	0.761237785016287	607	614
ENSG00000261329	-1.00496733244822	0.159278043838428	0.781463414634146	0.781463414634146	615	615
